// Month
1
	//Day   ItemPosX  ItemPosY   ItemSize   ItemIndex   Level   Dur   Skill   Luck   Option   ExcOp   SetOp   JoH   OEx   Socket1   Socket2   Socket3   Socket4   Socket5   BonusSocket  Duration   Name
	1 	0         10         10         1           0       0     1       1      0        0       0       0     0     0         0         0         0         0         0            0          //Short Sword
	2 	0         0          10         6181        15      0     1       1      7       63       0       0     0     255       255       255       255       255       255          1000       //Box +1
	3 	0         0          8          7179        10      0     0       0      0        0       0       0     0     255       255       255       255       255       255          0          //Box +1
	4 	0         0          8          7181        0       0     0       0      0        0       0       0     0     255       255       255       255       255       255          0          //Box +1
	5 	0         0          8          7182        0       0     0       0      0        0       0       0     0     255       255       255       255       255       255          0          //Box +1
	6 	0         0          8          7190        0       0     0       0      0        0       0       0     0     255       255       255       255       255       255          0          //Box +1
	7 	0         -10        6          6159        0       0     0       0      0        0       0       0     0     255       255       255       255       255       255          0          //Box +1
	8 	0         0          8          7179        8       0     0       0      0        0       0       0     0     255       255       255       255       255       255          0          //Box +1
	9 	0         0          8          7179        9       0     0       0      0        0       0       0     0     255       255       255       255       255       255          0          //Box +1
	10 	0         0          8          7179        11      0     0       0      0        0       0       0     0     255       255       255       255       255       255          0          //Box +1
	11	0         0          8          7179        12      0     0       0      0        0       0       0     0     255       255       255       255       255       255          0          //Box +1
	12	0         5          8          6670        0       0     0       0      0        0       0       0     0     255       255       255       255       255       255          0          //Box +1
	13	0         10         8          6670        0       0     0       0      0        0       0       0     0     255       255       255       255       255       255          0          //Box +1
	14	0         10         8          6670        0       0     0       0      0        0       0       0     0     255       255       255       255       255       255          0          //Box +1
	15	0         10         8          6670        0       0     0       0      0        0       0       0     0     255       255       255       255       255       255          0          //Box +1
	16	0         10         10         6670        0       0     0       0      0        0       0       0     0     255       255       255       255       255       255          0          //Box +1
	17	0         10         10         6670        0       0     0       0      0        0       0       0     0     255       255       255       255       255       255          0          //Box +1
	18	0         10         10         6670        0       0     0       0      0        0       0       0     0     255       255       255       255       255       255          0          //Box +1
	19	0         10         10         6670        0       0     0       0      0        0       0       0     0     255       255       255       255       255       255          0          //Box +1
	20	0         10         10         6670        0       0     0       0      0        0       0       0     0     255       255       255       255       255       255          0          //Box +1
	21	0         10         10         6670        0       0     0       0      0        0       0       0     0     255       255       255       255       255       255          0          //Box +1
	22	0         10         10         6670        0       0     0       0      0        0       0       0     0     255       255       255       255       255       255          0          //Box +1
	23	0         10         10         6670        0       0     0       0      0        0       0       0     0     255       255       255       255       255       255          0          //Box +1
	24	0         10         10         6670        0       0     0       0      0        0       0       0     0     255       255       255       255       255       255          0          //Box +1
	25	0         10         10         6670        0       0     0       0      0        0       0       0     0     255       255       255       255       255       255          0          //Box +1
	26	0         10         10         6670        0       0     0       0      0        0       0       0     0     255       255       255       255       255       255          0          //Box +1
	27	0         10         10         6670        0       0     0       0      0        0       0       0     0     255       255       255       255       255       255          0          //Box +1
	28	0         10         10         6670        0       0     0       0      0        0       0       0     0     255       255       255       255       255       255          0          //Box +1
	29	0         10         10         6670        0       0     0       0      0        0       0       0     0     255       255       255       255       255       255          0          //Box +1
	30	0         10         10         6670        0       0     0       0      0        0       0       0     0     255       255       255       255       255       255          0          //Box +1
	31	0         10         10         6670        0       0     0       0      0        0       0       0     0     255       255       255       255       255       255          0          //Box +1
	32	0         10         10         6670        0       0     0       0      0        0       0       0     0     255       255       255       255       255       255          0          //Box +1
end

// Month
2
	//Day   ItemPosX  ItemPosY   ItemSize   ItemIndex   Level   Dur   Skill   Luck   Option   ExcOp   SetOp   JoH   OEx   Socket1   Socket2   Socket3   Socket4   Socket5   BonusSocket  Duration   Name
	1 	0         10         10         6670        0       0     0       0      0        0       0       0     0     255       255       255       255       255       255          0          //Box +1
	2 	0         0          10         6181        15      0     1       1      7       63       0       0     0     255       255       255       255       255       255          1000       //Box +1
	3 	0         0          8          7179        10      0     0       0      0        0       0       0     0     255       255       255       255       255       255          0          //Box +1
	4 	0         0          8          7181        0       0     0       0      0        0       0       0     0     255       255       255       255       255       255          0          //Box +1
	5 	0         0          8          7182        0       0     0       0      0        0       0       0     0     255       255       255       255       255       255          0          //Box +1
	6 	0         0          8          7190        0       0     0       0      0        0       0       0     0     255       255       255       255       255       255          0          //Box +1
	7 	0         -10        6          6159        0       0     0       0      0        0       0       0     0     255       255       255       255       255       255          0          //Box +1
	8 	0         0          8          7179        8       0     0       0      0        0       0       0     0     255       255       255       255       255       255          0          //Box +1
	9 	0         0          8          7179        9       0     0       0      0        0       0       0     0     255       255       255       255       255       255          0          //Box +1
	10 	0         0          8          7179        11      0     0       0      0        0       0       0     0     255       255       255       255       255       255          0          //Box +1
	11	0         0          8          7179        12      0     0       0      0        0       0       0     0     255       255       255       255       255       255          0          //Box +1
	12	0         5          8          6670        0       0     0       0      0        0       0       0     0     255       255       255       255       255       255          0          //Box +1
	13	0         10         8          6670        0       0     0       0      0        0       0       0     0     255       255       255       255       255       255          0          //Box +1
	14	0         10         8          6670        0       0     0       0      0        0       0       0     0     255       255       255       255       255       255          0          //Box +1
	15	0         10         8          6670        0       0     0       0      0        0       0       0     0     255       255       255       255       255       255          0          //Box +1
	16	0         10         10         6670        0       0     0       0      0        0       0       0     0     255       255       255       255       255       255          0          //Box +1
	17	0         10         10         6670        0       0     0       0      0        0       0       0     0     255       255       255       255       255       255          0          //Box +1
	18	0         10         10         6670        0       0     0       0      0        0       0       0     0     255       255       255       255       255       255          0          //Box +1
	19	0         10         10         6670        0       0     0       0      0        0       0       0     0     255       255       255       255       255       255          0          //Box +1
	20	0         10         10         6670        0       0     0       0      0        0       0       0     0     255       255       255       255       255       255          0          //Box +1
	21	0         10         10         6670        0       0     0       0      0        0       0       0     0     255       255       255       255       255       255          0          //Box +1
	22	0         10         10         6670        0       0     0       0      0        0       0       0     0     255       255       255       255       255       255          0          //Box +1
	23	0         10         10         6670        0       0     0       0      0        0       0       0     0     255       255       255       255       255       255          0          //Box +1
	24	0         10         10         6670        0       0     0       0      0        0       0       0     0     255       255       255       255       255       255          0          //Box +1
	25	0         10         10         6670        0       0     0       0      0        0       0       0     0     255       255       255       255       255       255          0          //Box +1
	26	0         10         10         6670        0       0     0       0      0        0       0       0     0     255       255       255       255       255       255          0          //Box +1
	27	0         10         10         6670        0       0     0       0      0        0       0       0     0     255       255       255       255       255       255          0          //Box +1
	28	0         10         10         6670        0       0     0       0      0        0       0       0     0     255       255       255       255       255       255          0          //Box +1
end

// Month
3	//Day   ItemPosX  ItemPosY   ItemSize   ItemIndex   Level   Dur   Skill   Luck   Option   ExcOp   SetOp   JoH   OEx   Socket1   Socket2   Socket3   Socket4   Socket5   BonusSocket  Duration   Name
	1 	0         10         10         6670        0       0     0       0      0        0       0       0     0     255       255       255       255       255       255          0          //Box +1
	2 	0         0          10         6181        15      0     1       1      7       63       0       0     0     255       255       255       255       255       255          1000       //Box +1
	3 	0         0          8          7179        10      0     0       0      0        0       0       0     0     255       255       255       255       255       255          0          //Box +1
	4 	0         0          8          7181        0       0     0       0      0        0       0       0     0     255       255       255       255       255       255          0          //Box +1
	5 	0         0          8          7182        0       0     0       0      0        0       0       0     0     255       255       255       255       255       255          0          //Box +1
	6 	0         0          8          7190        0       0     0       0      0        0       0       0     0     255       255       255       255       255       255          0          //Box +1
	7 	0         -10        6          6159        0       0     0       0      0        0       0       0     0     255       255       255       255       255       255          0          //Box +1
	8 	0         0          8          7179        8       0     0       0      0        0       0       0     0     255       255       255       255       255       255          0          //Box +1
	9 	0         0          8          7179        9       0     0       0      0        0       0       0     0     255       255       255       255       255       255          0          //Box +1
	10 	0         0          8          7179        11      0     0       0      0        0       0       0     0     255       255       255       255       255       255          0          //Box +1
	11	0         0          8          7179        12      0     0       0      0        0       0       0     0     255       255       255       255       255       255          0          //Box +1
	12	0         5          8          6670        0       0     0       0      0        0       0       0     0     255       255       255       255       255       255          0          //Box +1
	13	0         10         8          6670        0       0     0       0      0        0       0       0     0     255       255       255       255       255       255          0          //Box +1
	14	0         10         8          6670        0       0     0       0      0        0       0       0     0     255       255       255       255       255       255          0          //Box +1
	15	0         10         8          6670        0       0     0       0      0        0       0       0     0     255       255       255       255       255       255          0          //Box +1
	16	0         10         10         6670        0       0     0       0      0        0       0       0     0     255       255       255       255       255       255          0          //Box +1
	17	0         10         10         6670        0       0     0       0      0        0       0       0     0     255       255       255       255       255       255          0          //Box +1
	18	0         10         10         6670        0       0     0       0      0        0       0       0     0     255       255       255       255       255       255          0          //Box +1
	19	0         10         10         6670        0       0     0       0      0        0       0       0     0     255       255       255       255       255       255          0          //Box +1
	20	0         10         10         6670        0       0     0       0      0        0       0       0     0     255       255       255       255       255       255          0          //Box +1
	21	0         10         10         6670        0       0     0       0      0        0       0       0     0     255       255       255       255       255       255          0          //Box +1
	22	0         10         10         6670        0       0     0       0      0        0       0       0     0     255       255       255       255       255       255          0          //Box +1
	23	0         10         10         6670        0       0     0       0      0        0       0       0     0     255       255       255       255       255       255          0          //Box +1
	24	0         10         10         6670        0       0     0       0      0        0       0       0     0     255       255       255       255       255       255          0          //Box +1
	25	0         10         10         6670        0       0     0       0      0        0       0       0     0     255       255       255       255       255       255          0          //Box +1
	26	0         10         10         6670        0       0     0       0      0        0       0       0     0     255       255       255       255       255       255          0          //Box +1
	27	0         10         10         6670        0       0     0       0      0        0       0       0     0     255       255       255       255       255       255          0          //Box +1
	28	0         10         10         6670        0       0     0       0      0        0       0       0     0     255       255       255       255       255       255          0          //Box +1
	29	0         10         10         6670        0       0     0       0      0        0       0       0     0     255       255       255       255       255       255          0          //Box +1
	30	0         10         10         6670        0       0     0       0      0        0       0       0     0     255       255       255       255       255       255          0          //Box +1
	31	0         10         10         6670        0       0     0       0      0        0       0       0     0     255       255       255       255       255       255          0          //Box +1
end

// Month
4	//Day   ItemPosX  ItemPosY   ItemSize   ItemIndex   Level   Dur   Skill   Luck   Option   ExcOp   SetOp   JoH   OEx   Socket1   Socket2   Socket3   Socket4   Socket5   BonusSocket  Duration   Name
	1 	0         10         10         6670        0       0     0       0      0        0       0       0     0     255       255       255       255       255       255          0          //Box +1
	2 	0         0          10         6181        15      0     1       1      7       63       0       0     0     255       255       255       255       255       255          1000       //Box +1
	3 	0         0          8          7179        10      0     0       0      0        0       0       0     0     255       255       255       255       255       255          0          //Box +1
	4 	0         0          8          7181        0       0     0       0      0        0       0       0     0     255       255       255       255       255       255          0          //Box +1
	5 	0         0          8          7182        0       0     0       0      0        0       0       0     0     255       255       255       255       255       255          0          //Box +1
	6 	0         0          8          7190        0       0     0       0      0        0       0       0     0     255       255       255       255       255       255          0          //Box +1
	7 	0         -10        6          6159        0       0     0       0      0        0       0       0     0     255       255       255       255       255       255          0          //Box +1
	8 	0         0          8          7179        8       0     0       0      0        0       0       0     0     255       255       255       255       255       255          0          //Box +1
	9 	0         0          8          7179        9       0     0       0      0        0       0       0     0     255       255       255       255       255       255          0          //Box +1
	10 	0         0          8          7179        11      0     0       0      0        0       0       0     0     255       255       255       255       255       255          0          //Box +1
	11	0         0          8          7179        12      0     0       0      0        0       0       0     0     255       255       255       255       255       255          0          //Box +1
	12	0         5          8          6670        0       0     0       0      0        0       0       0     0     255       255       255       255       255       255          0          //Box +1
	13	0         10         8          6670        0       0     0       0      0        0       0       0     0     255       255       255       255       255       255          0          //Box +1
	14	0         10         8          6670        0       0     0       0      0        0       0       0     0     255       255       255       255       255       255          0          //Box +1
	15	0         10         8          6670        0       0     0       0      0        0       0       0     0     255       255       255       255       255       255          0          //Box +1
	16	0         10         10         6670        0       0     0       0      0        0       0       0     0     255       255       255       255       255       255          0          //Box +1
	17	0         10         10         6670        0       0     0       0      0        0       0       0     0     255       255       255       255       255       255          0          //Box +1
	18	0         10         10         6670        0       0     0       0      0        0       0       0     0     255       255       255       255       255       255          0          //Box +1
	19	0         10         10         6670        0       0     0       0      0        0       0       0     0     255       255       255       255       255       255          0          //Box +1
	20	0         10         10         6670        0       0     0       0      0        0       0       0     0     255       255       255       255       255       255          0          //Box +1
	21	0         10         10         6670        0       0     0       0      0        0       0       0     0     255       255       255       255       255       255          0          //Box +1
	22	0         10         10         6670        0       0     0       0      0        0       0       0     0     255       255       255       255       255       255          0          //Box +1
	23	0         10         10         6670        0       0     0       0      0        0       0       0     0     255       255       255       255       255       255          0          //Box +1
	24	0         10         10         6670        0       0     0       0      0        0       0       0     0     255       255       255       255       255       255          0          //Box +1
	25	0         10         10         6670        0       0     0       0      0        0       0       0     0     255       255       255       255       255       255          0          //Box +1
	26	0         10         10         6670        0       0     0       0      0        0       0       0     0     255       255       255       255       255       255          0          //Box +1
	27	0         10         10         6670        0       0     0       0      0        0       0       0     0     255       255       255       255       255       255          0          //Box +1
	28	0         10         10         6670        0       0     0       0      0        0       0       0     0     255       255       255       255       255       255          0          //Box +1
	29	0         10         10         6670        0       0     0       0      0        0       0       0     0     255       255       255       255       255       255          0          //Box +1
	30	0         10         10         6670        0       0     0       0      0        0       0       0     0     255       255       255       255       255       255          0          //Box +1
	31	0         10         10         6670        0       0     0       0      0        0       0       0     0     255       255       255       255       255       255          0          //Box +1
	32	0         10         10         6670        0       0     0       0      0        0       0       0     0     255       255       255       255       255       255          0          //Box +1
end

9
	//Day   ItemPosX  ItemPosY   ItemSize   ItemIndex   Level   Dur   Skill   Luck   Option   ExcOp   SetOp   JoH   OEx   Socket1   Socket2   Socket3   Socket4   Socket5   BonusSocket  Duration   Name
	1 	0         0          7          7414        0       0     0       0      0        0       0       0     0     255       255       255       255       255       255          0          //Jewel of Luck
	2 	0        -3          6          6703        0       10    0       0      0        0       0       0     0     255       255       255       255       255       255          0          //Blood Castle Ticket
	3 	0         0          7          6175        0       0     0       0      0        0       0       0     0     255       255       255       255       255       255          0          //10 Jewel of Soul
	4 	0        -3          6          6702        0       10    0       0      0        0       0       0     0     255       255       255       255       255       255          0          //Devil Square Ticket
	5 	0         0          7          6174        0       0     0       0      0        0       0       0     0     255       255       255       255       255       255          0          //10 Jewel of Bless
	6 	0         0          7          7416        0       0     0       0      0        0       0       0     0     255       255       255       255       255       255          0          //Jewel of Excellent
	7 	0         5          5          7378        0       0     0       0      0        0       0       0     0     255       255       255       255       255       255          0          //Summon Scroll (Lv1)
	8	0         0          7          6280        0       0     0       0      0        0       0       0     0     255       255       255       255       255       255          0          //10 Jewel of Life
	9 	0         0          6          7292        0       0     0       0      0        0       0       0     0     255       255       255       255       255       255          0          //Silver Box
	10 	0         10         10         6670        0       0     0       0      0        0       0       0     0     255       255       255       255       255       255          0          //Box +1
	11	0         10         10         6670        0       0     0       0      0        0       0       0     0     255       255       255       255       255       255          0          //Box +1
	12	0         10         10         6670        0       0     0       0      0        0       0       0     0     255       255       255       255       255       255          0          //Box +1
	13	0         0          7          6284        0       0     0       0      0        0       0       0     0     255       255       255       255       255       255          0          //10 Jewel of Harmony
	14	0         0          7          7280        0       0     0       0      0        0       0       0     0     255       255       255       255       255       255          0          //Silver Key
	15	0         0          7          7414        0       0     0       0      0        0       0       0     0     255       255       255       255       255       255          0          //Jewel of Luck
	16	0         10         10         6670        0       0     0       0      0        0       0       0     0     255       255       255       255       255       255          0          //Box +1
	17	0         0          7          7416        0       0     0       0      0        0       0       0     0     255       255       255       255       255       255          0          //Jewel of Excellent
	18	0         0          7          6174        0       0     0       0      0        0       0       0     0     255       255       255       255       255       255          0          //10 Jewel of Bless
	19	0         0          6          7291        0       0     0       0      0        0       0       0     0     255       255       255       255       255       255          0          //Golden Box
	20	0        -3          6          6703        0       10    0       0      0        0       0       0     0     255       255       255       255       255       255          0          //Blood Castle Ticket
	21	0         0          7          6175        0       0     0       0      0        0       0       0     0     255       255       255       255       255       255          0          //10 Jewel of Soul
	22	0        -3          6          6702        0       10    0       0      0        0       0       0     0     255       255       255       255       255       255          0          //Devil Square Ticket
	23	0         10         10         6670        0       0     0       0      0        0       0       0     0     255       255       255       255       255       255          0          //Box +1
	24	0         0          7          7281        0       0     0       0      0        0       0       0     0     255       255       255       255       255       255          0          //Golden Key
	25	0         10         10         6670        0       0     0       0      0        0       0       0     0     255       255       255       255       255       255          0          //Box +1
	26	0         5          5          7379        0       0     0       0      0        0       0       0     0     255       255       255       255       255       255          0          //Summon Scroll (Lv2)
	27	0         10         10         6670        0       0     0       0      0        0       0       0     0     255       255       255       255       255       255          0          //Box +1
	28	0         10         10         6670        0       0     0       0      0        0       0       0     0     255       255       255       255       255       255          0          //Box +1
	29	0         10         10         6670        0       0     0       0      0        0       0       0     0     255       255       255       255       255       255          0          //Box +1
	30	0         10         10         6670        0       0     0       0      0        0       0       0     0     255       255       255       255       255       255          0          //Box +1
	31	0         10         10         6670        0       0     0       0      0        0       0       0     0     255       255       255       255       255       255          0          //Box +1
	32	0         10         10         6670        0       0     0       0      0        0       0       0     0     255       255       255       255       255       255          0          //Box +1
end