// Class:
// 	DW -> 0
// 	DK -> 1
// 	FE -> 2
// 	MG -> 3
// 	DL -> 4
// 	SU -> 5
//	RF -> 6
//////////////////////////////////////////////////////////////////////////////////////////////////////////////////////////////
//Start Character Item
//////////////////////////////////////////////////////////////////////////////////////////////////////////////////////////////

0
	//Class  Section   Type   Level   Dur   Skill   Luck   Option   ExcOp	SetOp	JoH	OEx	Socket1	Socket2	Socket3	Socket4	Socket5 Time
	// DW
	0 	 14        1      0       255   0       0      0        0	0	0	0	255	255	255	255	255	0	// Small Health Potion
	0 	 14        2      0       255   0       0      0        0	0	0	0	255	255	255	255	255	0	// Health Potion
	0 	 14        3      0       255   0       0      0        0	0	0	0	255	255	255	255	255	0	// Large Health Potion
	0 	 14        4      0       255   0       0      0        0	0	0	0	255	255	255	255	255	0	// Small Mana Potion
	0 	 14        5      0       255   0       0      0        0	0	0	0	255	255	255	255	255	0	// Mana Potion
	0 	 14        6      0       255   0       0      0        0	0	0	0	255	255	255	255	255	0	// Large Mana Potion
	0 	 5         0      0       20    1       0      0        0	0	0	0	255	255	255	255	255	0	// Skull Staff

	// DK
	1 	 14        1      0       255   0       0      0        0	0	0	0	255	255	255	255	255	0	// Small Health Potion
	1 	 14        2      0       255   0       0      0        0	0	0	0	255	255	255	255	255	0	// Health Potion
	1 	 14        3      0       255   0       0      0        0	0	0	0	255	255	255	255	255	0	// Large Health Potion
	1 	 14        4      0       255   0       0      0        0	0	0	0	255	255	255	255	255	0	// Small Mana Potion
	1 	 14        5      0       255   0       0      0        0	0	0	0	255	255	255	255	255	0	// Mana Potion
	1 	 14        6      0       255   0       0      0        0	0	0	0	255	255	255	255	255	0	// Large Mana Potion
	1 	 6         0      0       22    0       0      0        0	0	0	0	255	255	255	255	255	0	// Small Shield

	// FE
	2 	 14        1      0       255   0       0      0        0	0	0	0	255	255	255	255	255	0	// Small Health Potion
	2 	 14        2      0       255   0       0      0        0	0	0	0	255	255	255	255	255	0	// Health Potion
	2 	 14        3      0       255   0       0      0        0	0	0	0	255	255	255	255	255	0	// Large Health Potion
	2 	 14        4      0       255   0       0      0        0	0	0	0	255	255	255	255	255	0	// Small Mana Potion
	2 	 14        5      0       255   0       0      0        0	0	0	0	255	255	255	255	255	0	// Mana Potion
	2 	 14        6      0       255   0       0      0        0	0	0	0	255	255	255	255	255	0	// Large Mana Potion
	2 	 4         15     0       255   0       0      0        0	0	0	0	255	255	255	255	255	0	// Arrows
	2 	 4         15     0       255   0       0      0        0	0	0	0	255	255	255	255	255	0	// Arrows
	2 	 4         15     0       255   0       0      0        0	0	0	0	255	255	255	255	255	0	// Arrows
	2 	 4         15     0       255   0       0      0        0	0	0	0	255	255	255	255	255	0	// Arrows

	// MG
	3 	 14        1      0       255   0       0      0        0	0	0	0	255	255	255	255	255	0	// Small Health Potion
	3 	 14        2      0       255   0       0      0        0	0	0	0	255	255	255	255	255	0	// Health Potion
	3 	 14        3      0       255   0       0      0        0	0	0	0	255	255	255	255	255	0	// Large Health Potion
	3 	 14        4      0       255   0       0      0        0	0	0	0	255	255	255	255	255	0	// Small Mana Potion
	3 	 14        5      0       255   0       0      0        0	0	0	0	255	255	255	255	255	0	// Mana Potion
	3 	 14        6      0       255   0       0      0        0	0	0	0	255	255	255	255	255	0	// Large Mana Potion

	// DL
	4 	 14        1      0       255   0       0      0        0	0	0	0	255	255	255	255	255	0	// Small Health Potion
	4 	 14        2      0       255   0       0      0        0	0	0	0	255	255	255	255	255	0	// Health Potion
	4 	 14        3      0       255   0       0      0        0	0	0	0	255	255	255	255	255	0	// Large Health Potion
	4 	 14        4      0       255   0       0      0        0	0	0	0	255	255	255	255	255	0	// Small Mana Potion
	4 	 14        5      0       255   0       0      0        0	0	0	0	255	255	255	255	255	0	// Mana Potion
	4 	 14        6      0       255   0       0      0        0	0	0	0	255	255	255	255	255	0	// Large Mana Potion

	// SU
	5 	 14        1      0       255   0       0      0        0	0	0	0	255	255	255	255	255	0	// Small Health Potion
	5 	 14        2      0       255   0       0      0        0	0	0	0	255	255	255	255	255	0	// Health Potion
	5 	 14        3      0       255   0       0      0        0	0	0	0	255	255	255	255	255	0	// Large Health Potion
	5 	 14        4      0       255   0       0      0        0	0	0	0	255	255	255	255	255	0	// Small Mana Potion
	5 	 14        5      0       255   0       0      0        0	0	0	0	255	255	255	255	255	0	// Mana Potion
	5 	 14        6      0       255   0       0      0        0	0	0	0	255	255	255	255	255	0	// Large Mana Potion
	5 	 5         0      0       20    1       0      0        0	0	0	0	255	255	255	255	255	0	// Skull Staff

	// RF
	6 	 14        1      0       255   0       0      0        0	0	0	0	255	255	255	255	255	0	// Small Health Potion
	6 	 14        2      0       255   0       0      0        0	0	0	0	255	255	255	255	255	0	// Health Potion
	6 	 14        3      0       255   0       0      0        0	0	0	0	255	255	255	255	255	0	// Large Health Potion
	6 	 14        4      0       255   0       0      0        0	0	0	0	255	255	255	255	255	0	// Small Mana Potion
	6 	 14        5      0       255   0       0      0        0	0	0	0	255	255	255	255	255	0	// Mana Potion
	6 	 14        6      0       255   0       0      0        0	0	0	0	255	255	255	255	255	0	// Large Mana Potion
	6 	 0         1      0       22    1       0      0        0	0	0	0	255	255	255	255	255	0	// Short Sword
end

//////////////////////////////////////////////////////////////////////////////////////////////////////////////////////////////
//Start Character Buff
//////////////////////////////////////////////////////////////////////////////////////////////////////////////////////////////
1
	//Class	Effect	Power1	Power2	Time 
	0	39	30	0	60 
	1	39	30	0	60 
	2	39	30	0	60 
	3	39	30	0	60 
	4	39	30	0	60 
	5	39	30	0	60 
	6	39	30	0	60
end
