0
//Section   Type   Level   Dur   Skill   Luck   Option   ExcOp   SetOp   JoH   OEx   Socket1    Socket2    Socket3    Socket4    Socket5    SocketBonus   Duration
4           7      0       255   0       0      0        0       0       0     0     255        255        255        255        255        255           0   // Bolt
4           7      1       255   0       0      1        0       0       0     0     255        255        255        255        255        255           0   // Bolt +1
4           7      2       255   0       1      1        0       0       0     0     255        255        255        255        255        255           0   // Bolt +2
4           7      3       255   0       1      1        0       0       0     0     255        255        255        255        255        255           0   // Bolt +3
4           15     0       255   0       0      0        0       0       0     0     255        255        255        255        255        255           0   // Arrow
4           15     1       255   0       0      1        0       0       0     0     255        255        255        255        255        255           0   // Arrow +1
4           15     2       255   0       1      1        0       0       0     0     255        255        255        255        255        255           0   // Arrow +2
4           15     3       255   0       1      1        0       0       0     0     255        255        255        255        255        255           0   // Arrow +3
4           3      0       0     1       1      1        0       0       0     0     255        255        255        255        255        255           0   // Battle Bow
4           2      0       0     1       1      1        0       0       0     0     255        255        255        255        255        255           0   // Elven Bow
4           1      0       0     1       1      1        0       0       0     0     255        255        255        255        255        255           0   // Bow
4           0      0       0     1       1      1        0       0       0     0     255        255        255        255        255        255           0   // Short Bow

4           11     0       0     1       1      1        0       0       0     0     255        255        255        255        255        255           0   // Light Crossbow
4           10     0       0     1       1      1        0       0       0     0     255        255        255        255        255        255           0   // Arquebus
4           9      0       0     1       1      1        0       0       0     0     255        255        255        255        255        255           0   // Golden Crossbow
4           8      0       0     1       1      1        0       0       0     0     255        255        255        255        255        255           0   // Crossbow
end

