0
//Section   Type   Level   Dur   Skill   Luck   Option   ExcOp   SetOp   JoH   OEx   Socket1    Socket2    Socket3    Socket4    Socket5    SocketBonus   Duration
14          1      0       255   0       0      0        0       0       0     0     255        255        255        255        255        255           0   // Small Healing Potion
14          2      0       255   0       0      0        0       0       0     0     255        255        255        255        255        255           0   // Healing Potion
14          3      0       255   0       0      0        0       0       0     0     255        255        255        255        255        255           0   // Large Healing Potion
14          3      1       255   0       0      0        0       0       0     0     255        255        255        255        255        255           0   // Large Healing Potion +1
14          4      0       255   0       0      0        0       0       0     0     255        255        255        255        255        255           0   // Small Mana Potion
14          5      0       255   0       0      0        0       0       0     0     255        255        255        255        255        255           0   // Mana Potion
14          6      0       255   0       0      0        0       0       0     0     255        255        255        255        255        255           0   // Large Mana Potion
14          6      1       255   0       0      0        0       0       0     0     255        255        255        255        255        255           0   // Large Mana Potion +1
  
12          8      0       1     0       0      0        0       0       0     0     255        255        255        255        255        255           0   // Orb of Healing
12          9      0       1     0       0      0        0       0       0     0     255        255        255        255        255        255           0   // Orb of Def
12          10     0       1     0       0      0        0       0       0     0     255        255        255        255        255        255           0   // Orb of Dmg
12          11     0       1     0       0      0        0       0       0     0     255        255        255        255        255        255           0   // Summon Goblin
12          11     1       1     0       0      0        0       0       0     0     255        255        255        255        255        255           0   // Summon Stone Golem
12          11     2       1     0       0      0        0       0       0     0     255        255        255        255        255        255           0   // Summon Assasin
12          11     3       1     0       0      0        0       0       0     0     255        255        255        255        255        255           0   // Summon Elite Yeti
 
7           10     0       0     0       1      1        0       0       0     0     255        255        255        255        255        255           0   // Vine Helm
8           10     0       0     0       1      1        0       0       0     0     255        255        255        255        255        255           0   // Vine Armor
9           10     0       0     0       1      1        0       0       0     0     255        255        255        255        255        255           0   // Vine Pants
10          10     0       0     0       1      1        0       0       0     0     255        255        255        255        255        255           0   // Vine Gloves
11          10     0       0     0       1      1        0       0       0     0     255        255        255        255        255        255           0   // Vine Boots
7           11     0       0     0       1      1        0       0       0     0     255        255        255        255        255        255           0   // Silk Helm
8           11     0       0     0       1      1        0       0       0     0     255        255        255        255        255        255           0   // Silk Armor
9           11     0       0     0       1      1        0       0       0     0     255        255        255        255        255        255           0   // Silk Pants
10          11     0       0     0       1      1        0       0       0     0     255        255        255        255        255        255           0   // Silk Gloves
11          11     0       0     0       1      1        0       0       0     0     255        255        255        255        255        255           0   // Silk Boots
7           12     0       0     0       1      1        0       0       0     0     255        255        255        255        255        255           0   // Wind Helm 
8           12     0       0     0       1      1        0       0       0     0     255        255        255        255        255        255           0   // Wind Armor
9           12     0       0     0       1      1        0       0       0     0     255        255        255        255        255        255           0   // Wind Pants
10          12     0       0     0       1      1        0       0       0     0     255        255        255        255        255        255           0   // Wind Gloves
11          12     0       0     0       1      1        0       0       0     0     255        255        255        255        255        255           0   // Wind Boots
6           3      0       0     0       1      6        0       0       0     0     255        255        255        255        255        255           0   // Elven Shield 
 
end

