//=========================================================================================================================================
// NPCS
//=========================================================================================================================================
0
//Monster      MapNumber      Range      PositionX      PositionY      Direction      Comment
257	       2	      0		 219		76	       3	      // Shadow Phantom Soldier
257	       2	      0		 172		44	       1	      // Shadow Phantom Soldier
249	       2	      5		 167		40	       7	      // Guard
235	       2	      0	 	 183		32	       3	      // Sebina the Priest
246	       2	      0	 	 186		47	       3	      // Weapons Merchant Zienna
229	       2	      0	 	 203    	46	       3	      // Marlon
385	       2	      0	 	 226    	52	       1	      // Illusion Temple
241	       2	      0	 	 215    	45	       1	      // Guild Master
376	       2	      0	 	 225    	60	       2	      // Pamela the Supplier
244	       2	      0	 	 226    	25	       3	      // Caren the Barmaid
245	       2	      0	 	 225    	41	       3	      // Wizard Izabel
233	       2	      0	 	 209    	29	       2	      // Blood Castle
240	       2	      0	 	 218    	63	       2	      // Storage
522	       2	      0	 	 229		221	       1	      // Gaion Entrance
248	       2	      0	 	 9		77	       3	      // Wandering Merchant Martin
249	       2	      5		 219		79	       5	      // Guard 
249	       2	      5	 	 12		74	       5	      // Guard 
379	       2	      0	 	 11		26	       3	      // Fireworks Girl
379	       2	      0	 	 32		31	       2	      // Fireworks Girl
566	       2	      0	 	 204		61	       1	      // Tercia Quest Giver
end


//=========================================================================================================================================
// SPOTS
//=========================================================================================================================================
1
//Monster      MapNumber      Range      BeginPosX      BeginPosY      EndPosX      EndPosY      Direction      Quantity      Comment
024            02             30         170            080            245          200          -1             30            //Worm
023            02             30         170            080            245          200          -1             10            //Hommerd
022            02             30         050            006            166          244          -1             40            //Ice Monster
023            02             30         050            006            166          244          -1             30            //Hommerd
019            02             30         050            006            166          244          -1             40            //Yeti
021            02             30         050            006            166          244          -1             30            //Assassin
020            02             30         050            006            166          244          -1             20            //Elite Yeti
020            02             30         005            050            050          155          -1             20            //Elite Yeti
020            02             30         006            184            080          244          -1             10            //Elite Yeti
025            02             30         006            184            080          244          -1             03            //Ice Queen

024            02             4          163            14             165          16           -1             7             //Worm
024            02             4          239            83             241          85           -1             5             //Worm
021            02             4          230            124            232          126          -1             7             //Assassin
021            02             4          117            48             119          50           -1             7             //Assassin
023            02             4          177            111            179          113          -1             7             //Hommerd
022            02             4          210            160            212          162          -1             7             //Ice Monster
019            02             4          229            190            231          192          -1             7             //Yeti
020            02             4          214            213            216          215          -1             7             //Elite Yeti
020            02             4          236            214            238          216          -1             7             //Elite Yeti
020            02             4          63             16             65           18           -1             7             //Elite Yeti

020            02             4          198            237            200          239          -1             4             //Elite Yeti
019            02             4          198            237            200          239          -1             6             //Yeti
020            02             4          58             63             60           65           -1             4             //Elite Yeti
019            02             4          58             63             60           65           -1             6             //Yeti

458            02             4          239            236            241          238          -1             1             //Iron Knight
455            02             4          239            236            241          238          -1             2             //Mammoth
96	       02             4          13             10             15           12           -1             2             //Chief Skeleton Warrior
112	       02             4          13             10             15           12           -1             1             //Magic Skeleton
end

//=========================================================================================================================================
// MONSTERS
//=========================================================================================================================================
2
//Monster      MapNumber      Range      PositionX      PositionY      Direction      Comment
025            02             30         045            189            -1             //Ice Queen
025            02             30         063            160            -1             //Ice Queen
020            02             30         203            244            -1             //Elite Yeti
020            02             30         194            241            -1             //Elite Yeti
020            02             30         203            232            -1             //Elite Yeti
020            02             30         209            224            -1             //Elite Yeti
020            02             30         186            224            -1             //Elite Yeti
020            02             30         221            177            -1             //Elite Yeti
020            02             30         213            193            -1             //Elite Yeti
020            02             30         196            218            -1             //Elite Yeti
020            02             30         230            200            -1             //Elite Yeti
020            02             30         221            160            -1             //Elite Yeti
020            02             30         205            149            -1             //Elite Yeti
020            02             30         212            170            -1             //Elite Yeti
020            02             30         203            201            -1             //Elite Yeti
024            02             30         170            006            -1             //Worm
024            02             30         161            058            -1             //Worm
024            02             30         180            078            -1             //Worm
020            02             30         190            146            -1             //Elite Yeti
025            02             30         051            227            -1             //Ice Queen
020            02             30         207            183            -1             //Elite Yeti
020            02             30         238            184            -1             //Elite Yeti
020            02             30         227            167            -1             //Elite Yeti
020            02             30         202            209            -1             //Elite Yeti
020            02             30         113            105            -1             //Elite Yeti
020            02             30         096            103            -1             //Elite Yeti
020            02             30         102            117            -1             //Elite Yeti
020            02             30         241            198            -1             //Elite Yeti
020            02             30         228            184            -1             //Elite Yeti
020            02             30         193            231            -1             //Elite Yeti
020            02             30         214            152            -1             //Elite Yeti
020            02             30         197            183            -1             //Elite Yeti
024            02             30         162            011            -1             //Worm
024            02             30         244            080            -1             //Worm
024            02             30         238            088            -1             //Worm
024            02             30         229            083            -1             //Worm
end